1 0.549219 0.306875 0.119063 0.233750
1 0.852969 0.330625 0.160313 0.211250
1 0.614844 0.181250 0.167813 0.110000
1 0.417969 0.265000 0.113438 0.232500
1 0.129687 0.355625 0.206250 0.123750
1 0.171406 0.536250 0.135938 0.225000
1 0.121250 0.761250 0.121875 0.237500
1 0.475156 0.815000 0.143438 0.255000
1 0.642500 0.341250 0.071250 0.197500
1 0.734844 0.364375 0.072188 0.223750
1 0.895625 0.825625 0.180000 0.191250
1 0.664531 0.753125 0.079687 0.231250
1 0.324687 0.461875 0.058125 0.226250
1 0.318594 0.788125 0.105938 0.256250
1 0.810313 0.572500 0.046875 0.227500
1 0.728750 0.586250 0.118125 0.182500
1 0.575937 0.535000 0.041250 0.200000