1 0.286120 0.590975 0.103084 0.138629
1 0.372971 0.478339 0.078734 0.101084
1 0.479302 0.397472 0.059253 0.066426
1 0.428166 0.418411 0.043019 0.079423
2 0.493912 0.310107 0.038149 0.062094
2 0.224432 0.454512 0.073864 0.073647
2 0.101867 0.429242 0.073864 0.069314
2 0.799107 0.450180 0.049513 0.079423
2 0.281250 0.340432 0.030032 0.070758
2 0.365666 0.262454 0.051136 0.064982
1 0.190341 0.352707 0.041396 0.072203
1 0.168019 0.503610 0.040584 0.140073
1 0.252029 0.319494 0.034903 0.063538
1 0.318588 0.284115 0.034903 0.082311
1 0.391234 0.316606 0.043831 0.086643
1 0.719562 0.467509 0.049513 0.073647
1 0.648133 0.378700 0.036526 0.089531
1 0.748377 0.341877 0.032468 0.059206
1 0.812094 0.341154 0.054383 0.066426
1 0.889610 0.467509 0.076299 0.085199
1 0.799513 0.613358 0.087662 0.119856
1 0.312500 0.390974 0.053571 0.088087