1 0.124594 0.666788 0.145292 0.194947
1 0.377841 0.603250 0.104708 0.157401
1 0.554383 0.475451 0.053571 0.101084
1 0.252435 0.538267 0.074675 0.125632
1 0.172890 0.426353 0.076299 0.103972
1 0.347808 0.347653 0.039773 0.050542
1 0.302354 0.414079 0.060877 0.082311
1 0.375406 0.439350 0.054383 0.092419
1 0.441558 0.383032 0.058442 0.072203
1 0.502029 0.425631 0.039773 0.082311
1 0.605925 0.592419 0.117695 0.124188
1 0.760146 0.442238 0.046266 0.077979
1 0.913555 0.409747 0.073864 0.076535
1 0.734172 0.350541 0.038149 0.044766
1 0.647727 0.370758 0.025974 0.059206
1 0.579545 0.361371 0.032468 0.060650
1 0.697646 0.328158 0.031656 0.040433
1 0.817370 0.351263 0.045455 0.063538
1 0.862013 0.361371 0.029221 0.072203
1 0.799513 0.648015 0.100649 0.151625