1 0.688333 0.740625 0.120000 0.156250
1 0.717917 0.615000 0.107500 0.087500
1 0.798750 0.535625 0.072500 0.053750
1 0.860417 0.243750 0.055833 0.135000
1 0.714583 0.244375 0.084167 0.133750
1 0.514167 0.327500 0.063333 0.115000
1 0.536250 0.431250 0.090833 0.130000
1 0.192083 0.198125 0.062500 0.148750
1 0.165000 0.364375 0.085000 0.111250
1 0.152500 0.731875 0.086667 0.163750
1 0.335417 0.660000 0.075833 0.142500
1 0.322917 0.387500 0.035833 0.160000
1 0.294583 0.473125 0.052500 0.096250
1 0.942917 0.127500 0.097500 0.090000
1 0.502500 0.859375 0.035000 0.106250