1 0.816667 0.835000 0.073333 0.130000
1 0.913333 0.677500 0.041667 0.137500
1 0.532500 0.927500 0.061667 0.130000
1 0.224167 0.810000 0.093333 0.112500
1 0.325417 0.681250 0.095833 0.087500
1 0.351667 0.568125 0.071667 0.098750
1 0.503333 0.479375 0.085000 0.093750
1 0.265833 0.474375 0.096667 0.078750
1 0.187083 0.581250 0.034167 0.107500
1 0.049583 0.577500 0.084167 0.085000
1 0.035417 0.476875 0.040833 0.106250
1 0.167083 0.379375 0.079167 0.081250
1 0.098750 0.193125 0.087500 0.088750
1 0.704167 0.137500 0.056667 0.095000
1 0.582083 0.200000 0.035833 0.052500
1 0.622500 0.256250 0.101667 0.067500
1 0.524167 0.299375 0.071667 0.063750
1 0.510417 0.213750 0.067500 0.087500
1 0.447917 0.316875 0.059167 0.076250
1 0.696250 0.470625 0.072500 0.078750
1 0.792500 0.503750 0.088333 0.077500
1 0.909167 0.490000 0.066667 0.085000
1 0.965833 0.360000 0.068333 0.080000
1 0.878750 0.396250 0.069167 0.090000
1 0.743750 0.281250 0.074167 0.067500
1 0.601250 0.370625 0.060833 0.071250
1 0.398333 0.220625 0.091667 0.073750
1 0.794167 0.406250 0.096667 0.102500
1 0.789167 0.327500 0.083333 0.077500
1 0.403750 0.278750 0.070833 0.092500
1 0.284583 0.403125 0.072500 0.061250