1 0.704951 0.664622 0.146916 0.184838
1 0.845779 0.601806 0.136364 0.186282
1 0.871347 0.375090 0.081981 0.145849
1 0.941964 0.338988 0.039773 0.137185
1 0.718750 0.328880 0.039773 0.111192
1 0.718750 0.223464 0.033279 0.082311
1 0.543831 0.188807 0.066558 0.085199
1 0.582792 0.269674 0.055195 0.111192
1 0.525974 0.262454 0.061688 0.102528
1 0.472403 0.898015 0.123377 0.203970
1 0.326299 0.840796 0.186688 0.228160
1 0.245130 0.900181 0.160714 0.199638
1 0.046672 0.890073 0.091721 0.219854
1 0.258929 0.698557 0.162338 0.197835
1 0.172078 0.562816 0.092532 0.168954
1 0.269075 0.440794 0.127435 0.129965
1 0.163961 0.409747 0.105519 0.125632
1 0.285714 0.341877 0.063312 0.108304
1 0.324675 0.279060 0.050325 0.092419
1 0.423701 0.531769 0.099026 0.184838
1 0.496347 0.484837 0.103084 0.168954
1 0.579545 0.404693 0.060065 0.132853
1 0.668831 0.397472 0.076299 0.181950
1 0.735795 0.450902 0.098214 0.176174
1 0.415584 0.351985 0.071429 0.119856
1 0.490260 0.362093 0.125000 0.099639
1 0.181818 0.269674 0.030844 0.096751
1 0.241883 0.281948 0.035714 0.106860
1 0.853896 0.827077 0.233766 0.296030
1 0.808847 0.857402 0.085227 0.241156
1 0.447240 0.201804 0.048701 0.062094
1 0.426542 0.232851 0.031656 0.063538
1 0.454545 0.270396 0.042208 0.060650