1 0.486406 0.710000 0.066563 0.172500
1 0.725469 0.795625 0.089063 0.161250
1 0.722656 0.673125 0.124688 0.091250
1 0.608750 0.574375 0.050625 0.173750
1 0.504688 0.543125 0.065625 0.106250
1 0.527656 0.465625 0.064688 0.078750
1 0.437187 0.478750 0.069375 0.085000
1 0.419844 0.561250 0.059063 0.092500
1 0.372969 0.587500 0.044063 0.117500
1 0.317656 0.599375 0.051563 0.116250
1 0.335000 0.481875 0.058125 0.086250
1 0.865156 0.780625 0.105938 0.171250
1 0.936406 0.715000 0.070313 0.130000
1 0.965469 0.625000 0.064688 0.122500
1 0.891406 0.457500 0.040313 0.102500
1 0.886250 0.541875 0.084375 0.121250
1 0.837031 0.584375 0.045938 0.118750
1 0.770469 0.535625 0.045938 0.123750
1 0.227656 0.619375 0.055313 0.156250
1 0.180781 0.568750 0.064688 0.117500
1 0.076719 0.485625 0.070313 0.091250
1 0.220625 0.343125 0.075000 0.051250
1 0.161094 0.384375 0.034688 0.058750
1 0.504219 0.329375 0.034688 0.076250
1 0.422656 0.380000 0.030938 0.055000
1 0.455469 0.413125 0.064688 0.066250
1 0.643437 0.398750 0.022500 0.090000
1 0.600313 0.350625 0.035625 0.066250
1 0.651875 0.320625 0.028125 0.043750
1 0.721250 0.529375 0.045000 0.101250
1 0.656094 0.523750 0.072188 0.107500
1 0.740000 0.439375 0.030000 0.078750
1 0.264687 0.302500 0.060000 0.057500
1 0.230000 0.217500 0.037500 0.055000
1 0.343906 0.260625 0.040313 0.056250
1 0.390781 0.340625 0.074063 0.051250
1 0.370156 0.420000 0.034688 0.075000
1 0.296562 0.398125 0.037500 0.066250
1 0.265156 0.433125 0.038438 0.086250
1 0.264219 0.377500 0.036563 0.060000
1 0.190156 0.496250 0.062813 0.075000
1 0.140000 0.466250 0.050625 0.107500
1 0.709063 0.381875 0.031875 0.101250
1 0.744219 0.388125 0.070313 0.083750
1 0.605938 0.282500 0.061875 0.052500
1 0.437188 0.291250 0.037500 0.062500
1 0.345781 0.311250 0.040313 0.090000
1 0.312031 0.297500 0.049688 0.110000