3 0.273133 0.693503 0.094968 0.147293
3 0.533279 0.666066 0.063312 0.135741
3 0.424919 0.596029 0.059253 0.108304
3 0.107549 0.528159 0.060877 0.090975
3 0.341721 0.441516 0.034091 0.062094
3 0.443994 0.440072 0.019481 0.036101
3 0.490666 0.431408 0.020292 0.038989
3 0.640016 0.550542 0.054383 0.072203
3 0.918831 0.557762 0.056818 0.086643
3 0.814123 0.492780 0.034091 0.060650
3 0.769886 0.503610 0.026786 0.053430
3 0.668425 0.500722 0.039773 0.056318
3 0.635958 0.466787 0.028409 0.046210
3 0.574269 0.436462 0.020292 0.043322
3 0.815341 0.440072 0.020292 0.030325
3 0.983360 0.496390 0.033279 0.033213
3 0.949269 0.521661 0.060877 0.080867
3 0.877435 0.503610 0.034091 0.079423
3 0.606331 0.432130 0.019481 0.028881
3 0.665990 0.427797 0.023539 0.025993
3 0.201705 0.436462 0.026786 0.046210
3 0.253247 0.431408 0.029221 0.038989
3 0.280844 0.418411 0.027597 0.044766
3 0.281250 0.445848 0.047890 0.044766