3 0.279221 0.694947 0.068182 0.115524
3 0.427760 0.588087 0.045455 0.095307
3 0.529627 0.664622 0.064123 0.098195
3 0.107143 0.539711 0.073052 0.116968
3 0.650568 0.558484 0.039773 0.073647
3 0.667614 0.500000 0.033279 0.060650
3 0.693588 0.475451 0.030032 0.057762
3 0.573458 0.435740 0.021916 0.050542
3 0.491071 0.432130 0.017857 0.040433
3 0.467938 0.432852 0.015422 0.053430
3 0.440747 0.443682 0.016234 0.049098
3 0.340097 0.445126 0.025974 0.057762
3 0.286526 0.440072 0.029221 0.067870
3 0.250000 0.439350 0.045455 0.063538
3 0.195211 0.432852 0.028409 0.062094
3 0.921266 0.551264 0.056818 0.079423
3 0.944399 0.523105 0.065747 0.077979
3 0.768669 0.498556 0.030844 0.075091
3 0.812906 0.500000 0.033279 0.060650
3 0.813312 0.432130 0.030844 0.054874
3 0.632711 0.466787 0.036526 0.049098