3 0.889583 0.765000 0.129167 0.155000
3 0.708333 0.612500 0.053333 0.107500
3 0.550417 0.701875 0.100833 0.131250
3 0.482500 0.651875 0.038333 0.123750
3 0.440000 0.668750 0.035000 0.122500
3 0.389583 0.667500 0.084167 0.120000
3 0.568333 0.571875 0.105000 0.103750
3 0.351667 0.554375 0.068333 0.066250
3 0.629583 0.321250 0.032500 0.050000
3 0.470000 0.395625 0.086667 0.061250
3 0.352083 0.414375 0.060833 0.056250
3 0.389583 0.516250 0.055833 0.072500
3 0.527083 0.480625 0.087500 0.076250
3 0.595833 0.481875 0.065000 0.103750
3 0.595833 0.500000 0.031667 0.060000
3 0.294583 0.410000 0.024167 0.057500
3 0.206667 0.413125 0.041667 0.066250
3 0.073333 0.460625 0.073333 0.051250
3 0.488333 0.335000 0.040000 0.035000
3 0.412917 0.388750 0.050833 0.050000
3 0.422917 0.308125 0.027500 0.033750