1 0.298295 0.731459 0.064123 0.189166
1 0.402597 0.909091 0.064935 0.163021
1 0.659903 0.819891 0.050325 0.178401
1 0.494318 0.629956 0.045455 0.176863
1 0.614042 0.509997 0.034903 0.130725
1 0.642857 0.176265 0.047078 0.099966
1 0.586445 0.349282 0.023539 0.101504
1 0.500406 0.434638 0.030032 0.099966
1 0.422078 0.488465 0.043831 0.115345
1 0.379464 0.600735 0.023539 0.133800
1 0.334010 0.324675 0.034903 0.083049
1 0.351867 0.246241 0.030032 0.083049
1 0.260552 0.250854 0.042208 0.116883
1 0.347808 0.107826 0.021916 0.098428
1 0.433442 0.272386 0.040584 0.104580
1 0.440747 0.361586 0.035714 0.119959
1 0.472403 0.168575 0.022727 0.053828
1 0.569805 0.247779 0.035714 0.089200
1 0.582792 0.160885 0.050325 0.093814
1 0.548295 0.056306 0.026786 0.059979
1 0.503247 0.039388 0.040584 0.069207
1 0.450081 0.061688 0.018669 0.070745
1 0.437094 0.100906 0.020292 0.066131
1 0.417614 0.191644 0.036526 0.075359
1 0.532873 0.147044 0.034903 0.093814